[gd_scene load_steps=9 format=3 uid="uid://8tb1db006yf8"]

[ext_resource type="Script" path="res://MovingPlatform/Moving_platform.gd" id="1_xqvh2"]

[sub_resource type="BoxMesh" id="BoxMesh_nvrb8"]

[sub_resource type="StandardMaterial3D" id="StandardMaterial3D_npbhq"]
albedo_color = Color(0.41598, 0.41598, 0.41598, 1)
metallic = 1.0

[sub_resource type="BoxShape3D" id="BoxShape3D_sof71"]

[sub_resource type="CylinderMesh" id="CylinderMesh_s2jas"]

[sub_resource type="CylinderShape3D" id="CylinderShape3D_q8j48"]

[sub_resource type="CylinderShape3D" id="CylinderShape3D_ci6c2"]

[sub_resource type="Curve3D" id="Curve3D_uh0ay"]
_data = {
"points": PackedVector3Array(0, 0, 0, 0, 0, 0, -3.42727e-06, 0.00284219, -0.00365466, 0, 0, 0, 0, 0, 0, 0.00774186, 2.23806, -0.0232034),
"tilts": PackedFloat32Array(0, 0)
}
point_count = 2

[node name="Moving_platform" type="Node3D"]
transform = Transform3D(5, 0, 0, 0, 5, 0, 0, 0, 5, 0, 5, 0)
script = ExtResource("1_xqvh2")

[node name="CharacterBody3D" type="CharacterBody3D" parent="."]
transform = Transform3D(-0.00874263, -0.00346416, -0.999837, 1.16974e-06, -0.999994, 0.00346387, -0.999856, 3.09601e-05, 0.0087427, -3.42727e-06, 0.00284231, -0.00365466)

[node name="MeshInstance3D" type="MeshInstance3D" parent="CharacterBody3D"]
transform = Transform3D(1, 0, 0, 0, -0.1, 0, 0, 0, 1, 0, 0, 0)
mesh = SubResource("BoxMesh_nvrb8")
surface_material_override/0 = SubResource("StandardMaterial3D_npbhq")

[node name="CollisionShape3D" type="CollisionShape3D" parent="CharacterBody3D"]
transform = Transform3D(1, 0, 0, 0, 0.1, 0, 0, 0, 1, 0, 0, 0)
shape = SubResource("BoxShape3D_sof71")

[node name="StaticBody3D" type="StaticBody3D" parent="."]

[node name="Strut_Left" type="MeshInstance3D" parent="StaticBody3D"]
transform = Transform3D(0.1, 0, 0, 0, 1.5, 0, 0, 0, 0.25, -0.35, 1, -0.56)
mesh = SubResource("CylinderMesh_s2jas")

[node name="Strut_Right" type="MeshInstance3D" parent="StaticBody3D"]
transform = Transform3D(0.1, 0, 0, 0, 1.5, 0, 0, 0, 0.25, 0.35, 1, -0.56)
mesh = SubResource("CylinderMesh_s2jas")

[node name="Strut_Right_Collision" type="CollisionShape3D" parent="StaticBody3D"]
transform = Transform3D(0.1, 0, 0, 0, 1.5, 0, 0, 0, 0.25, -0.35, 1, -0.56)
shape = SubResource("CylinderShape3D_q8j48")

[node name="Strut_Left_Collision" type="CollisionShape3D" parent="StaticBody3D"]
transform = Transform3D(0.1, 0, 0, 0, 1.5, 0, 0, 0, 0.25, 0.35, 1, -0.56)
shape = SubResource("CylinderShape3D_ci6c2")

[node name="Path3D" type="Path3D" parent="."]
curve = SubResource("Curve3D_uh0ay")

[node name="PathFollow3D" type="PathFollow3D" parent="Path3D"]
transform = Transform3D(-1.78795e-07, 0.999875, -0.00346424, -0.00874269, -0.0034637, -0.999956, -0.999856, 3.00968e-05, 0.00874357, -3.42727e-06, 0.00284219, -0.00365466)

[node name="RemoteTransform3D" type="RemoteTransform3D" parent="Path3D/PathFollow3D"]
transform = Transform3D(0.999924, 0.00871353, -0.00877339, -0.00877373, -4.28658e-08, -0.999962, -0.00871319, 0.999962, 7.64068e-05, 0, 0, 0)
remote_path = NodePath("../../../CharacterBody3D")
